 Searching  14 14  0 near   1506.83071
 13 13  0   936.56772 66.9  1506.79354   15 15  0   750.04117 84.4  1506.79371
                                         14 13  2   915.25553 93.9  1506.79631
                                         15 13  2   892.41541 97.7  1506.79555
 Searching  14 14  1 near   1506.83071
 13 13  1   936.56772 66.9  1506.79354   15 15  1   750.04117 84.4  1506.79371
                                         14 13  1   915.25553 93.9  1506.79631
                                         15 13  3   892.41541 97.7  1506.79555
 Searching  15 14  1 near   1529.60983
 14 13  1   938.03109 69.6  1529.57187   15 13  3   915.19200 95.5  1529.57214
                                         16 15  1   748.47190 88.6  1529.57200
 Searching  15 14  2 near   1529.60983
 14 13  2   938.03109 69.6  1529.57187   15 13  2   915.19200 95.5  1529.57214
                                         16 15  2   748.47190 88.6  1529.57200
 Searching  16 14  2 near   1553.90915
 15 13  2   939.48993 63.6  1553.87007   16 15  2   772.76880 97.8  1553.86890
                                         16 13  4   915.12602 95.1  1553.87030
                                         17 15  2   746.89873 91.0  1553.86933
                                         17 13  4   889.23740 98.7  1553.87103
 Searching  16 14  3 near   1553.90915
 15 13  3   939.48993 63.6  1553.87007   16 13  3   915.12602 95.1  1553.87030
                                         16 15  1   772.76880 97.8  1553.86890
                                         17 15  3   746.89873 91.0  1553.86933
                                         17 13  5   889.23740 98.7  1553.87103
 Searching  17 14  3 near   1579.72895
 16 13  3   940.94382 71.6  1579.68810   17 13  5   915.05510 93.9  1579.68873
                                         18 15  3   745.32452 89.1  1579.68878
 Searching  17 14  4 near   1579.72895
 16 13  4   940.94382 71.6  1579.68810   17 13  4   915.05510 93.9  1579.68873
                                         18 15  4   745.32452 89.1  1579.68878
 Searching  18 14  4 near   1607.06957
 17 13  4   942.39397 72.7  1607.02760   18 15  4   772.66285 98.2  1607.02711
                                         18 13  6   914.97890 92.7  1607.02752
                                         19 15  4   743.74616 89.7  1607.02747
 Searching  18 14  5 near   1607.06957
 17 13  5   942.39397 72.7  1607.02760   18 13  5   914.97890 92.7  1607.02752
                                         18 15  3   772.66285 98.2  1607.02711
                                         19 15  5   743.74616 89.7  1607.02747
                                         19 13  7   886.03675 99.2  1607.02646
 Searching  19 14  5 near   1635.93134
 18 13  5   943.83862 75.9  1635.88724   19 15  5   772.60617 96.2  1635.88748
                                         19 13  7   914.89749 93.0  1635.88720
                                         20 15  5   742.16545 92.3  1635.88744
 Searching  19 14  6 near   1635.93134
 18 13  6   943.83862 75.9  1635.88724   19 13  6   914.89749 93.0  1635.88720
                                         19 15  4   772.60617 96.2  1635.88748
 Searching  20 14  6 near   1666.31462
 19 13  6   945.27892 83.8  1666.26863   20 13  8   914.81166 92.9  1666.26906
                                         21 15  6   740.58236 93.0  1666.26891
 Searching  20 14  7 near   1666.31462
 19 13  7   945.27892 83.8  1666.26863   20 13  7   914.81166 92.9  1666.26906
                                         21 15  7   740.58236 93.0  1666.26891
 Searching  21 14  7 near   1698.21978
 20 13  7   946.71440 82.9  1698.17180   21 15  7   772.48477 96.4  1698.17132
                                         21 13  9   914.71919 94.0  1698.17139
                                         22 15  7   738.99684 93.8  1698.17211
                                         22 13  9   881.19711 97.6  1698.17177
 Searching  21 14  8 near   1698.21978
 20 13  8   946.71440 82.9  1698.17180   21 13  8   914.71919 94.0  1698.17139
                                         21 15  6   772.48477 96.4  1698.17132
                                         22 15  8   738.99684 93.8  1698.17211
                                         22 13 10   881.19711 97.6  1698.17177
 Searching  22 14  8 near   1731.64722
 21 13  8   948.14460 85.4  1731.59680   22 15  8   772.42252 98.9  1731.59779
                                         22 13 10   914.62195 94.0  1731.59661
                                         23 15  8   737.40915 93.1  1731.59757
 Searching  22 14  9 near   1731.64722
 21 13  9   948.14460 85.4  1731.59680   22 13  9   914.62195 94.0  1731.59661
                                         22 15  7   772.42252 98.9  1731.59779
                                         23 15  9   737.40915 93.1  1731.59757
 Searching  23 14  9 near   1766.59735
 22 13  9   949.56937 88.7  1766.54403   23 15  9   772.35550 98.0  1766.54392
                                         23 13 11   914.51906 94.8  1766.54439
                                         24 15  9   735.81884 92.6  1766.54512
 Searching  23 14 10 near   1766.59735
 22 13 10   949.56937 88.7  1766.54403   23 13 10   914.51906 94.8  1766.54439
                                         23 15  8   772.35550 98.0  1766.54392
                                         24 15 10   735.81884 92.6  1766.54512
 Searching  24 14 10 near   1803.07060
 23 13 10   950.98935 88.0  1803.01468   24 15 10   772.28861 98.2  1803.01489
                                         24 13 12   914.40961 95.6  1803.01442
                                         25 15 10   734.22667 94.1  1803.01584
 Searching  24 14 11 near   1803.07060
 23 13 11   950.98935 88.0  1803.01468   24 13 11   914.40961 95.6  1803.01442
                                         24 15  9   772.28861 98.2  1803.01489
                                         25 15 11   734.22667 94.1  1803.01584
 Searching  25 14 11 near   1841.06741
 24 13 11   952.40310 89.8  1841.00792   26 15 11   732.63204 96.0  1841.00942
 Searching  25 14 12 near   1841.06741
 24 13 12   952.40310 89.8  1841.00792   26 15 12   732.63204 96.0  1841.00942
 Searching  27 14 13 near   1921.63359
 26 13 13   955.21443 91.9  1921.56712   26 15 11   813.19030 98.9  1921.56768
                                         27 15 13   772.07705 98.3  1921.56830
                                         27 13 15   914.04412 95.5  1921.56652
                                         28 13 15   871.34376 96.7  1921.56729
                                         28 15 13   729.43940 95.9  1921.57052
 Searching  27 14 14 near   1921.63359
 26 13 14   955.21443 91.9  1921.56712   26 15 12   813.19030 98.9  1921.56768
                                         27 13 14   914.04412 95.5  1921.56652
                                         27 15 12   772.07705 98.3  1921.56830
                                         28 13 16   871.34376 96.7  1921.56729
                                         28 15 14   729.43940 95.9  1921.57052
 Searching  28 14 14 near   1964.20394
 27 13 14   956.61145 94.0  1964.13385   27 15 12   814.64373 98.8  1964.13498
                                         29 15 14   727.83834 98.3  1964.13566
                                         29 13 16   869.67643 98.1  1964.13324
 Searching  28 14 15 near   1964.20394
 27 13 15   956.61145 94.0  1964.13385   27 15 13   814.64373 98.8  1964.13498
                                         29 15 15   727.83834 98.3  1964.13566
                                         29 13 17   869.67643 98.1  1964.13324
 Searching  29 14 15 near   2008.29981
 28 13 15   958.00235 44.7  2008.22588   30 15 15   726.23734 70.8  2008.22757
 Searching  29 14 16 near   2008.29981
 28 13 16   958.00235 44.7  2008.22588   30 15 16   726.23734 70.8  2008.22757
 Searching  30 14 16 near   2053.92173
 29 13 16   959.38659 42.1  2053.84340   31 15 16   724.63538 72.8  2053.84559
                                         31 13 18   866.32137 70.5  2053.84422
 Searching  30 14 17 near   2053.92173
 29 13 17   959.38659 42.1  2053.84340   31 15 17   724.63538 72.8  2053.84559
                                         31 13 19   866.32137 70.5  2053.84422
 Searching  32 14 18 near   2149.74596
 31 13 18   962.13703 61.4  2149.65988   32 13 20   913.30272 67.9  2149.65990
                                         33 15 18   721.42958 86.8  2149.66250
 Searching  32 14 19 near   2149.74596
 31 13 19   962.13703 61.4  2149.65988   32 13 19   913.30272 67.9  2149.65990
                                         33 15 19   721.42958 86.8  2149.66250
 Searching  33 14 19 near   2199.94942
 32 13 19   963.50265 65.4  2199.85983   33 13 21   913.13312 76.1  2199.85994
                                         34 15 19   719.82556 81.4  2199.86203
 Searching  33 14 20 near   2199.94942
 32 13 20   963.50265 65.4  2199.85983   33 13 20   913.13312 76.1  2199.85994
                                         34 15 20   719.82556 81.4  2199.86203
 Searching  34 14 20 near   2251.68124
 33 13 20   964.86140 65.7  2251.58822   34 13 22   912.95533 80.3  2251.58798
                                         34 15 20   771.55402 89.6  2251.59049
 Searching  34 14 21 near   2251.68124
 33 13 21   964.86140 65.7  2251.58822   34 13 21   912.95533 80.3  2251.58798
                                         34 15 19   771.55402 89.6  2251.59049
 Searching  37 14 23 near   2415.95435
 36 13 23   968.89876 81.4  2415.95523   37 13 25   912.37887 89.4  2415.95522
 Searching  37 14 24 near   2415.95435
 36 13 24   968.89876 81.4  2415.95523   37 13 24   912.37887 89.4  2415.95523
 Searching  39 14 25 near   2533.19209
 38 13 25   971.55743 90.5  2533.19365   39 13 27   911.95698 93.6  2533.19409
 Searching  39 14 26 near   2533.19209
 38 13 26   971.55743 90.5  2533.19365   39 13 26   911.95698 93.6  2533.19409

                                                                                                                         